* delete this - this is a (9, 18, 9) net for 3x3 minsweeper with 3 bombs and 5 revealed *
-1.9284565477059894,0.6409136458513733,0.5956937409744788,0.4699117571678261,0.34935470355441695,0.3436890032172833,0.43888194122437985,-0.008626831562612526,0.507878005387444,0.615918657260411
0.8140043432903756,0.3392552914669003,0.27150220741670655,0.7130824369667226,0.4625545355930868,-0.16193724584420136,0.9928554790991976,-4.020683173083453,-3.3010708570694156,-0.10799648496056297
0.10098103986061192,0.7352778344894199,-0.37353406258333843,0.4793624781632683,0.34891731531461656,-4.127089918143135,2.394510639008474,1.9599416128507532,1.1545142975534013,0.7823720906582878
0.6807417840963971,0.6916924903262635,0.32134690711657005,0.354536518009993,0.5858776897012018,0.3584481658592606,0.9749725547762889,0.8026411744056248,0.9875576939314215,0.2026720426175969
0.3841556473708033,0.9333203354559001,-7.0185240864167,1.5703646609713329,1.9138987525217264,1.0983136937241105,5.067535087526013,2.7353639767818656,-1.3521277410278543,1.0264806701443
0.9241684588116647,0.23385406894731006,0.354518982572603,0.6913755026313587,0.19736642528585044,0.3054277730644277,0.7249205119207368,0.744710454177303,0.6231070425821003,0.032405431398132886
0.9139619205343947,0.5944686775372944,0.6544855208619799,0.9265570830558766,0.5142994835561958,0.9859039423838603,0.5168358167289115,0.952676319426131,0.10352116723790313,0.22517824160672384
1.668740341141825,-3.4598327882436473,0.340670132488406,1.754119834000125,0.05957306974995362,1.7435467857982476,1.2076798710445271,0.6372875480587336,1.3475854393255793,0.23556137267960858
0.580963437992286,0.7120495242993068,0.6734801428174846,0.27660922945273536,0.780489986914954,0.7114272908495333,0.7229108726712165,0.4462779426320578,0.9122487416623807,0.698530861254871
1.287758513369404,1.7985691084437412,1.412258353926708,0.28243142261557286,-4.610287763597966,1.4077415260865955,1.2084766491690122,0.22274092439200477,1.1536647841366363,0.8592160200263056
0.7485309680146731,0.6183292014991908,0.6700289557498876,0.5898264537871801,0.1266455900540283,0.15019039046644622,0.9953447919572028,0.5501337526575861,0.30411191057787545,0.7684098229303733
0.8809743116506517,0.9664862071548851,0.9037254857991157,0.748532466289319,0.5620912049528033,-0.24693954213586414,1.110875203064215,0.9069495520200985,-4.6339293013072504,0.6890972411563332
0.5853586931002591,0.4701292757344871,0.7053300802536865,0.1694139269368083,0.14701596520980434,0.20206854489701304,0.49214819973217555,0.7778513054586123,0.40522764540105943,0.8794587856312539
0.7574489062325109,0.31086347397202685,0.9506350586316538,0.36930898207234814,0.6068205597764014,0.7730916852530747,0.3420470019805279,0.4459147038708142,0.816121285869166,0.9984782354149131
0.1651791453320014,0.8647647251767305,0.45555279209490895,0.5974785220673425,0.41533850058939,0.9251724873759967,0.9284897890027746,0.8045777722779339,0.35834889180147633,0.15510282869343558
0.5399341032897688,0.7361182987575673,0.8516021848468361,0.6700787838275251,0.9517476512542882,0.6365239936382348,0.28491131863963587,0.6640852242710097,0.30610882017414676,0.5163135284688282
0.5383273995478004,1.506647623972632,0.7499307715504262,-4.0776246492691754,-0.879374892908288,2.6983068126438092,1.8316506338308671,0.775924985144707,1.6609759674196218,0.4399653949488079
0.642744002303497,0.465913646177902,0.44201304990915535,0.29241633933675326,0.3670998075895108,0.8717534328372787,0.1436362382912176,0.20632099950737887,0.7627582550380181,0.26962211525128077

-10.831232903539256,0.5255290637240125,0.5522888131937234,0.23783250702808106,0.22551268248325682,0.47292035928215265,0.5743486924518316,0.625000276884926,-0.40024167188607085,0.6035136513872519,0.3532637339388456,0.332499254257538,-0.3123989096599766,0.19824593229428983,0.5401425097291207,0.4437263535130078,0.46266234454940514,0.06479354558947359,0.3180854719273823
0.5925842312608038,0.2452121300464982,0.5117849467392663,-0.044862190396472254,0.3436948210206836,0.6267498165036159,0.694820128566377,-10.89936538667969,0.042223786014603214,0.35366045473182295,-0.018403701680901146,0.19536943593401662,0.18536415227405806,0.8129871089199517,0.18971961945292365,0.06086495942097294,0.5588766043352293,-0.05435785900795214,0.4660881597293491
7.6204652892948275,2.05093398739209,2.5414288577795414,-2.179193843003867,-14.32187442684955,-1.4851694320629458,-1.7112914690595082,7.522033990466773,-2.3391126724930262,5.346365823351782,-1.6998457461989793,3.6752565379753563,-1.9723920607482983,-2.4647646601585853,-2.030064420935332,-1.9366196354408312,5.437658816630299,-1.728896503737322,-1.916944719225751
1.671984852201569,0.3886896776065518,1.3454074595024783,-0.4553947900564573,1.158515209066999,0.13372691544544993,-0.3777475863985627,1.500704249221323,-0.3891279293088233,1.8588490817300827,-0.03854389146698857,-0.18161620223320957,-0.18525862047614047,-0.16492660266956735,-0.05889098159064452,-0.13373164058679388,-11.50902127445683,0.21653678187420142,0.2547976783238609
0.4883327259795956,0.43203333195894844,0.48398508463188206,-0.12184581003753768,0.4028222538317414,-0.11432895502694242,0.018606117719398785,0.45667683583753327,0.7242857360400478,-10.932235493939606,0.6224331852459363,-0.21222934258234954,0.4924351133294024,0.19101439755910948,0.5918913335936652,0.02031290135468087,0.3957307298038671,0.7437995848312038,0.1296743551323571
2.8440506954434137,1.9564199803099556,-16.885478233076515,-0.059459246437594336,-2.5148878384582902,-0.2513877103078638,-0.1343147384238649,2.8790301583361657,0.26787575135012215,2.3954348890858594,0.6604732037210902,-3.0085871228489505,0.4256505456848348,-0.05740801654545333,0.10475947497598535,0.31646971880928026,2.2908248739132833,0.20917325677918788,0.2874481455809432
9.470267616990641,11.115632110469976,7.354201818772702,-4.731465802561167,8.32544250318035,-4.780213094843453,-4.504418131304315,8.787688603937104,-4.438634742103609,7.806432517469909,-4.862290427140472,1.6097749765888043,-4.076209045455593,-4.8322893089065655,-4.096284187415585,-3.8939997427238007,8.802282333835713,-3.9083384771608007,-4.483177517530292
2.7766785188691636,-13.64040920300782,5.543420644091943,-2.3385284929356294,5.7053451801306645,-2.7364734392617045,-2.7258899742535125,5.20821386934415,-2.1563549037083956,5.5493371913739695,-2.847846743502827,10.540090583099133,-2.9030638078403213,-2.344423127767968,-2.46053585404997,-3.0113382621072593,5.483937578188595,-2.9640980099939545,-2.1029305382391072
1.372928946843814,-1.103618581941427,7.134103983608587,-2.5237842638343855,7.016392640654656,-2.2638651026665277,-2.468261622093073,6.6239169493831405,-1.8908922937827757,7.584042720647033,-2.1125020228464404,-13.327858003022891,-2.5987721102230887,-2.1911264807790816,-2.199828142333391,-2.320409178240098,6.7169375973199905,-2.688195042348258,-2.3987514527031872