-1.112180997304222,0.7645429236645042,-0.4147691078501735,-0.26274415219878455,-0.16405652814837723,0.29537809576433727,-0.5170230420508555
0.29432664672769726,-0.7182994999007042,0.154536319204971,-0.565092366276587,-0.6115579209078871,0.23653792148708,0.3451292977742087
-0.7110345896747384,-0.680268644109205,1.0774155361101767,0.06132476565080719,-0.967610606986996,0.2095866667438524,0.010636654006256832
-0.3837079033395302,-0.38188507027164814,1.7290134140482385,-0.016456968526559732,-1.31322912130346,-0.16523074031134638,-0.7260859181925371
-0.28315656778704507,0.8320832929229298,0.0431978734660903,0.07485040346502851,-1.9483521245635422,-4.496719041249805,-0.47854778724980696
-0.0734189433138851,0.10173544428948325,-0.10913571811948614,-0.26641732283605,-0.13222392737735747,-0.7173036083070873,-1.1342188745630517
-0.7725559325046623,-2.097219927476125,0.22475396430474537,0.009560465026090275,-0.7086703888108211,-0.14411251698287098,0.3349243634432846
0.030866163327435924,0.17228704051332805,-0.10001758748523533,-1.5574660305020285,0.019438785808785372,0.32088082651265726,0.41039596861241334
1.2988675035045478,-0.053165697388602495,0.1976931022519763,-0.26712853432211114,0.29892281455237285,-0.3329035608974212,0.06477484453203829
-0.13089172506024754,-0.02265111590073323,-1.0122038110721674,-0.3708622165765333,-0.0311072062368489,-0.30392348096745353,0.10106772609877128
0.1450607087816391,0.10567459205424945,0.15537203669398839,-0.350472787958365,-0.7342050469716576,-1.7764074444537283,0.5049938933194962
0.3897242871043949,0.3390137051152063,-0.36885104064685853,0.5917691992477918,1.6940447425747704,0.004393805048221093,0.1986749427420949

0.6009065430473959,0.8105106375765355,-0.020112879098589706,-0.596900715098012,-0.0035185820326055794,0.6467890076680504,1.024416242013109,-0.10896137191047424,-1.8737747651654757,1.0913122189689932,0.5650187514497356,0.04098525712358011,-0.04178261766128359
0.05921495437364427,-1.2663648844247992,-1.1090217699990759,-0.07715349804500372,-0.574581266551823,0.21621208691955254,0.24952857933420128,-0.0033400440997397194,-0.19802942745002003,0.09129107597506197,-0.007414080018558338,0.7996196837389253,-0.13112535488010682
0.5033471721893326,-0.01882083016758268,-0.23314180382453098,0.09322080543829453,0.6949565883020375,0.3514917027053654,0.01711403199751033,-0.2796252588126041,-0.501772764398934,1.1604501706183108,-0.3666127430547607,-0.13832050067114499,0.1603852224341375
0.838167738936545,0.03917148221981807,-1.741833616570794,-0.5188310529781391,0.2842260904424631,-0.06843156590909602,0.35327093431406464,0.12022421932461755,-0.895934905018529,0.23286372418039072,-0.31245305552073027,-1.06047552424057,0.32036432708690743
-0.44272603527470744,-0.15001725378526604,-1.4163040962635076,-0.17367485149975317,0.9049659646981613,0.7646165363276989,0.09092178855533971,-1.1993501314680253,0.04933614226161709,0.3306866259343684,0.47347556283474057,-0.27132330305301333,1.2045969705931112
0.5906807827916536,1.4149754304675117,-1.2596081282199776,-0.5450575701140183,-1.7917079896692587,0.05474503921884662,-0.296348425575206,0.047306859895268547,-0.050935564983244745,0.28663477305173574,-0.1593314877687404,-0.0142036944038357,0.22774012118998027
-0.07469580969698088,0.017247146686908358,0.9885036756923378,0.31665259593865946,-1.4692763914977383,-0.2994931300951532,0.1308558089003178,0.058164056286624466,-2.334120029357817,-2.13713781270901,0.1716987614640918,0.13835223810110625,0.24284454943010647
-0.17289862923919327,-0.14493391362716518,-0.4543137387451791,-0.22392921784182412,-0.00564161483766818,-1.0186619986938754,0.1683361223813035,2.381755965659651,-1.0276305451201524,0.18189113234681561,0.09272056633114946,0.13025423923402027,2.2390508177794555
-0.2156661089212833,0.9289821636900661,-0.08045860558136225,0.3886192189275155,-0.06661728778680247,-0.08087397155782736,-0.3073979461436007,-0.19710728192908233,-1.3465124208954757,0.2827480201746238,0.18381755141246917,-1.1688324272975081,0.0690294552341064
0.1980861335668345,-0.03589137483563954,-0.22118890984724743,0.03531611842677461,1.064481832344254,-0.7080442856534654,-0.21505056603185418,0.5551902786548942,-0.5622383850303898,0.19388987806521932,-0.23051409403002573,-0.32844299255630693,0.7486102140598142

0.4283013023639223,0.005981084721355933,-0.2469973840341498,0.04798792583243611,-0.3485306452184182,0.5345469051259414,-0.09044818222211687,1.2382392267312534,0.4284240888965883,0.17204319892224518,-0.04599347676534444
-0.29434306548990696,0.5653622889530452,0.10307108846400476,0.43243751122331764,-2.2195177812390123,-0.23200435467123054,-0.7484635239812528,0.10856536228188503,-0.27059308172416885,-0.048777319837165885,-0.13092683643651454
0.21019175711535543,-0.12738035416255394,0.24635750616655783,-0.24847247565832722,0.3305601242008198,-1.705700919588125,-0.04898275558814777,-0.5779951308245923,-0.2456258164477298,0.16718038745225566,0.03903992546236861
0.12612847733745408,-0.5362146436194919,-0.0534052852407763,0.24496894305375955,0.11354589532943044,-0.40915392710588383,0.5125791020302295,-0.3511786098627473,-0.4464841707299364,-0.6622125868947634,-0.5936649595145598

