-1.334063160445282,0.9804177543400088,-0.5780312989324337,-0.2131823856557993,-0.12063026866422001,0.3927225443495439,-0.49798868669560387
0.22670599243231085,-0.6221479059583025,0.18301860184425242,-0.8073664072321346,-0.5562712284945563,0.36144176703511477,0.2841693711769176
-0.8064966307765306,-0.7732367041851835,1.04049005724618,0.04774748039065178,-0.8548055397717332,0.23044596691502692,0.02279800543621311
-0.20043455184136866,-0.562862010116383,1.5680210515790398,-0.02193906150226939,-0.8779970268865137,-0.2689557339679215,-0.6213114361764688
-0.24722609722864908,0.522809986417019,0.060492906888628885,0.14096128211043057,-2.0508891520593457,-2.584022831617574,-0.4233391551983871
-0.11394066425299706,0.16203029579452186,-0.09162854989013933,-0.3354510242234898,-0.18202515119325663,-0.9279951885503267,-0.8070711842448646
-0.6629199293221731,-0.8225826553058019,0.22515543946018016,0.014079620731057462,-0.2946107231965335,-0.10227994071459863,0.30783979023574287
0.04831472095739661,0.17409421871260913,-0.09686800831753765,-2.5909154553636324,0.035672293075351434,0.6874797577854636,0.3158527772633877
1.373763368631873,-0.038821689082079086,0.1514467736875676,-0.347473775011429,0.24723435814780595,-0.4527386663943354,0.11617190730106211
-0.11380009752287505,-0.018234231110653767,-0.9106035413642946,-0.22351486709627888,-0.09229837946655266,-0.3337578443014408,0.08413665115265376
0.19522584423807307,0.20373138876572502,0.14984389527225886,-0.5835308214092636,-1.2321174284905239,-1.3563185333954348,0.39185465243312534
0.43895948877304986,0.5019625923428542,-0.36620752327036493,0.4369617766456304,1.141522573317751,0.0118828873308458,0.7239069249435608

0.544320608878985,0.9735063315493845,-0.03257772634068576,-1.1327927445360921,-0.00494777517048718,0.5531267902924198,1.3987724458662592,-0.10501678779215813,-1.1186075576373529,0.5114679683202634,0.6419134679395271,0.041367374386714076,-0.065384543480815
0.11436257269070164,-0.6556860655451142,-0.9824490402872843,-0.10764855200584636,-0.565714025439638,0.22474673082874802,0.5097246425072982,-0.006887571118996212,-0.22675133633673925,0.08027550304774707,-0.02906829132003741,0.5797985619989697,-0.14302219239157707
0.13521572166696952,-0.0707618956790323,-0.10926199975526305,0.1791003548932098,0.7167843994473395,0.5432251134039112,0.04807527384041432,-0.24840728561695027,-0.7846942250882636,1.1496030169994174,-0.3215153735294631,-0.2057121251967088,0.11187721900184786
0.7989090257491874,0.1264811917735556,-0.9563391325689777,-0.6603841565462594,0.6572557346524702,-0.04869991479308405,0.4789370287911021,0.2766995344613372,-0.619981058817933,0.39245301474008765,-0.7192071228989173,-0.6117077852106076,0.518204058130878
-0.9712825351561525,-0.3421800481313566,-0.9972592628271723,-0.4720385434235502,0.7756975394258221,0.5428906747246159,0.2002787043431606,-1.280013801427682,0.08308228991662253,0.4068451943693428,0.337577289878567,-0.3394736532568017,0.6947270754818817
0.46270696806724754,0.8018037027705464,-0.6030067113061549,-0.4965464517976975,-2.0642231590624243,0.08167499380669203,-0.26192574316988043,0.05567432291058031,-0.04984467761171933,0.342445330238419,-0.21496639520941455,-0.016649242525810532,0.20361802032336251
-0.09382052688863468,0.035345865665619994,1.5981248814415665,0.35044779316580216,-0.9341155882706792,-0.4886617734786703,0.22637979998900584,0.05649325754819988,-0.8087628468578739,-1.1727331001701387,0.3509128774211425,0.2918861465150723,0.24834952951151054
-0.15486525098926796,-0.15059653037899146,-0.5670714781964716,-0.339207916532877,-0.011846792774126928,-0.892182617457158,0.5517714461974847,1.4535775000376558,-1.7190245138170508,0.1943849486266498,0.11557547730029444,0.18593293270858746,5.036457634969201
-0.43974585531821925,0.707288156327877,-0.0999293627802795,0.6059103613111047,-0.19594475988139304,-0.08589553210242871,-0.21826133123539923,-0.2046817436456034,-0.7232026400318301,0.346077986313581,0.10808255662627866,-0.49116718685237276,0.13676853490995317
0.17420563164717892,-0.08102418026443362,-0.20607437425743808,0.02325492380059682,0.7345480710849439,-0.4918241408612702,-0.3531187103214209,0.7836553083228276,-1.0062040073144154,0.22692734494911385,-0.21527767507599244,-0.21516065324838995,0.67799620162549

0.5250311307084095,0.010403280996414624,-0.4678130174570204,0.030448300791187807,-0.19715237220278986,0.3804540448611741,-0.07209841427934296,0.936660920080327,1.0415365941777532,0.13387869788714693,-0.06399277910094381
-0.25849429534350366,0.5362579073630208,0.11586430182053492,0.6133084758012468,-1.9892075104786484,-0.17724671042972942,-0.6524984698168411,0.1326002406679793,-0.3254219064920387,-0.06294823402693986,-0.2797391181467365
0.19136869974047171,-0.2632968705575724,0.36219887820189134,-0.2810762690109873,0.7254736944855528,-1.1923255840407592,-0.04389335645821219,-0.459585176184975,-0.47195375069336615,0.32026520097960437,0.06266904284990957
0.3824917822452954,-0.5490154533076391,-0.12080561953500459,0.21606104303193813,0.2804461382946752,-0.3955277352136531,0.3991323718704264,-0.26396950452414697,-0.47900179900745354,-0.39854029288749887,-0.5183791539568467

